0 224
1 25
2 142
3 19
3 78
3 222
4 97
4 165
4 220
5 93
6 210
7 194
8 91
9 162
9 161
9 30
10 246
10 201
10 164
11 28
12 249
12 101
13 70
13 231
14 21
15 200
16 241
16 170
17 29
17 225
18 177
19 55
20 61
21 115
22 193
22 241
22 226
22 125
23 112
23 192
24 121
24 105
25 116
25 132
26 246
27 232
27 170
28 226
29 166
31 131
31 141
32 131
32 158
33 203
33 87
34 75
35 85
35 50
36 176
36 233
36 82
37 88
37 145
37 218
38 56
38 122
39 70
39 252
40 222
41 219
42 97
42 240
43 190
43 251
44 153
45 152
45 71
45 235
46 207
46 123
47 167
48 178
48 219
48 125
48 137
48 92
48 229
49 142
49 253
50 246
50 207
51 204
52 196
52 82
53 115
53 125
53 65
53 114
54 99
55 190
56 206
57 185
57 72
57 167
57 69
57 197
58 246
59 103
60 123
61 81
62 168
62 238
63 248
63 197
63 155
64 112
64 173
65 195
66 185
67 207
68 109
68 160
69 158
70 138
71 116
72 143
72 134
72 166
73 75
74 153
75 128
75 199
76 188
77 250
77 159
77 95
78 183
79 119
80 254
80 104
81 167
83 216
83 237
84 162
86 186
86 107
87 191
87 172
87 216
88 162
88 194
89 187
90 198
91 239
91 216
92 247
92 180
92 183
93 148
94 199
96 200
98 103
98 243
98 244
99 118
99 144
100 180
102 225
103 135
103 227
104 216
105 234
105 153
105 194
106 113
108 254
110 253
110 225
111 211
111 141
112 250
112 181
113 159
113 207
114 163
115 198
116 149
116 184
117 204
118 217
119 125
120 144
121 126
121 189
122 250
123 177
123 205
124 129
125 243
126 230
127 230
129 250
130 205
131 148
133 146
133 186
133 140
134 204
136 243
136 157
138 188
139 176
142 174
143 223
144 231
145 210
147 231
150 183
150 151
153 154
156 171
156 242
156 181
156 175
158 200
159 235
160 165
161 225
162 181
168 169
169 198
171 221
172 186
174 219
177 179
179 245
180 233
181 231
182 218
183 215
186 214
187 253
191 202
199 223
201 220
207 236
207 212
208 226
209 242
210 213
213 249
214 224
218 255
228 244
234 239
