0 52
0 171
0 57
1 94
1 154
1 193
2 233
2 37
2 165
3 65
3 75
3 247
4 26
4 188
4 24
5 154
6 214
6 48
7 131
7 29
8 254
8 183
8 198
9 175
10 70
10 145
11 244
12 140
12 25
12 130
13 142
13 109
14 50
15 169
16 108
17 98
18 35
19 165
20 47
21 100
22 253
23 175
25 55
25 178
25 118
25 121
25 115
26 104
26 252
26 132
27 127
27 120
28 221
29 133
30 123
31 92
32 44
32 221
33 225
34 186
35 135
35 92
35 227
36 124
36 116
37 234
38 107
39 167
39 49
39 197
40 208
41 89
41 207
41 136
42 72
42 196
42 202
43 65
43 254
43 69
44 212
44 114
45 96
46 65
47 120
47 205
48 98
48 177
48 181
49 171
49 153
50 149
50 180
50 200
51 126
53 206
54 172
54 239
54 242
55 61
55 143
55 98
56 176
56 106
57 232
57 152
58 178
58 97
58 187
59 250
59 185
60 177
62 143
63 105
63 215
64 173
64 201
65 148
66 72
66 123
67 140
67 73
68 100
70 80
70 122
71 104
72 170
74 171
76 113
77 209
77 125
77 100
78 79
79 211
80 185
81 87
81 186
82 101
83 103
83 241
84 135
85 242
85 199
86 201
86 235
86 222
88 155
88 96
88 113
90 244
90 118
91 236
92 164
92 184
93 247
94 111
95 176
96 238
98 150
99 109
101 224
102 141
103 182
104 237
105 139
106 203
106 234
107 229
107 156
108 126
110 155
112 128
112 192
115 248
117 131
118 217
119 179
119 229
119 185
120 168
121 206
121 230
123 154
124 204
125 208
126 195
127 215
129 174
131 168
131 224
131 186
133 175
134 243
135 195
136 189
136 143
137 255
138 229
140 246
140 158
141 219
142 149
143 161
144 215
144 162
146 150
147 251
151 163
155 156
155 231
156 167
157 188
158 241
159 175
160 190
163 171
163 190
166 167
166 228
167 204
168 219
168 191
169 210
170 200
170 253
172 251
174 235
176 240
178 199
183 218
183 248
188 238
188 210
191 196
192 211
192 204
194 254
194 216
195 235
195 237
198 255
202 249
203 211
205 225
208 214
212 220
213 227
218 226
218 224
219 252
221 233
223 235
236 254
237 245
243 254
