0 117
0 65
0 254
1 128
2 159
3 44
4 28
5 132
5 252
6 248
6 95
7 38
7 138
7 118
8 53
9 141
10 151
11 44
11 17
12 108
12 164
12 210
13 173
14 102
14 242
15 245
15 40
15 221
15 41
16 169
17 85
17 242
18 214
18 176
19 201
20 179
20 217
21 79
21 237
22 159
22 185
23 138
24 219
24 201
24 137
24 158
24 244
25 242
25 211
25 215
26 126
26 134
26 67
27 142
27 70
27 116
28 88
29 77
29 101
29 161
30 175
31 148
31 177
32 228
33 236
34 123
35 52
35 59
36 40
37 146
38 224
39 74
40 103
41 57
42 220
42 216
43 140
44 144
44 51
45 71
45 130
46 52
47 223
48 150
49 87
49 155
49 222
50 55
52 201
52 222
52 100
53 54
53 253
54 65
55 147
55 186
56 111
56 140
56 183
57 213
57 115
57 193
58 104
58 72
58 166
59 149
59 145
60 112
61 111
61 136
61 127
61 205
62 129
62 163
63 164
63 169
64 138
64 241
66 116
68 247
68 83
69 223
70 148
72 144
73 108
73 207
74 130
74 188
75 136
76 171
76 170
78 157
78 212
79 218
79 96
80 84
81 203
81 150
82 87
82 98
84 253
86 165
86 171
88 110
88 251
88 160
89 232
90 251
91 129
92 190
92 112
93 162
93 200
94 194
94 150
97 243
99 147
100 177
101 202
102 132
105 221
106 197
106 109
107 169
109 147
109 135
111 235
112 226
112 197
112 115
113 204
113 174
114 179
114 253
116 185
116 214
117 168
117 221
119 216
120 140
121 166
122 231
122 222
123 191
123 173
124 179
124 240
124 238
125 169
125 230
125 239
126 161
128 141
128 215
129 206
130 239
130 151
131 175
131 208
131 236
131 136
133 246
138 222
139 215
140 199
141 216
141 209
143 172
146 148
146 154
149 167
150 180
152 184
153 189
155 239
156 235
157 181
161 235
161 212
168 247
169 242
169 196
171 227
172 188
175 229
177 233
178 225
178 220
180 223
182 238
183 234
184 248
184 240
185 191
187 230
188 227
189 211
192 194
194 198
195 240
199 237
199 251
200 206
203 219
203 247
204 221
206 233
214 228
214 243
218 246
232 246
237 241
240 249
246 255
250 252
