0 39
0 58
0 95
1 64
1 122
2 46
2 191
2 240
3 144
3 222
3 163
3 124
4 5
4 230
4 200
5 157
5 14
6 45
6 159
6 81
7 238
7 193
8 141
8 76
9 119
9 229
9 87
9 165
9 255
9 73
10 76
11 104
11 216
12 127
12 146
13 138
13 230
14 194
15 127
16 217
17 173
18 50
18 207
18 178
19 234
19 231
20 82
21 108
22 100
22 54
23 208
23 196
23 86
23 105
24 146
24 248
25 42
25 43
26 156
26 207
26 206
27 181
27 209
27 153
27 106
28 230
29 197
29 244
30 136
31 59
31 184
32 65
32 211
32 74
33 136
33 139
34 115
34 219
35 172
35 160
36 72
37 180
38 238
39 186
39 205
39 156
40 88
40 135
41 147
41 56
42 231
42 66
44 83
47 154
48 129
48 100
49 145
49 190
51 100
52 151
53 105
55 147
55 149
56 136
57 206
58 147
60 212
61 82
62 98
62 182
62 148
63 134
63 211
63 194
63 155
63 84
65 161
66 101
67 170
68 155
69 111
69 115
70 229
70 96
71 211
72 175
72 204
73 185
74 188
75 120
75 164
76 245
77 167
77 250
78 121
79 164
80 212
81 217
82 142
82 186
83 84
84 107
85 254
85 253
86 185
86 228
88 127
89 243
89 115
90 191
91 187
92 95
93 199
93 221
94 154
97 201
99 173
100 150
100 179
101 199
102 189
102 111
103 244
104 140
104 166
104 174
105 235
106 133
108 172
108 171
109 146
110 239
111 150
111 183
111 132
111 152
112 220
113 124
114 141
115 240
116 186
116 251
117 118
118 174
119 214
119 120
119 154
119 184
120 197
121 236
122 226
123 199
125 242
125 224
126 234
127 226
127 245
128 150
130 138
131 195
131 232
131 222
132 176
137 171
140 197
140 236
141 158
142 218
143 234
143 175
143 213
144 221
147 252
151 157
151 241
151 210
152 225
152 153
153 180
154 159
156 247
156 249
157 212
157 237
162 219
165 250
165 205
168 187
169 254
169 186
169 246
170 207
172 219
173 243
175 227
175 226
176 241
177 231
179 190
179 202
182 183
185 187
190 201
192 223
198 230
203 231
205 220
207 242
208 215
214 238
223 249
225 239
225 238
233 245
234 241
