221
136
29
222
130
177
79
141
150
103
4
211
102
91
164
173
199
8
181
243
225
35
226
109
234
154
107
239
7
113
81
14
163
186
202
103
6
88
63
173
247
66
44
53
196
5
2
190
228
39
179
20
179
119
154
152
8
8
5
216
13
168
242
173
204
67
168
174
109
13
187
240
130
67
97
94
234
33
180
136
54
29
249
12
7
28
123
193
59
42
31
47
69
145
41
11
33
101
11
201
39
158
73
64
3
237
187
114
194
71
85
117
242
88
185
214
157
133
199
158
13
9
186
54
174
236
157
69
2
215
132
151
229
200
144
96
253
24
22
1
149
96
45
147
173
205
1
129
98
248
248
138
155
144
91
116
156
71
203
67
3
251
158
30
239
91
133
213
125
155
112
60
74
98
202
5
213
12
166
94
211
121
221
236
97
184
167
82
44
65
172
3
23
235
109
128
96
34
64
173
107
90
70
61
189
182
77
103
50
1
210
174
159
89
18
83
106
187
249
132
191
67
47
253
12
34
186
77
188
107
68
39
224
74
152
42
86
88
217
177
102
162
179
211
53
184
149
133
251
186
32
182
127
100
228
231
145
37
95
58
134
112
157
160
87
161
75
10
104
