212
110
48
186
125
176
54
137
73
39
108
132
129
179
15
32
235
153
194
206
128
74
249
57
19
239
217
134
209
102
97
115
246
54
89
191
159
225
26
5
128
47
208
172
144
136
132
244
198
127
161
25
25
185
200
206
236
69
79
230
187
120
224
130
164
6
41
218
25
158
199
128
17
95
124
243
252
95
153
97
255
80
125
228
121
241
36
239
0
106
115
132
237
239
31
214
111
221
136
96
171
0
216
189
191
63
202
196
37
28
211
0
90
227
249
182
93
240
26
27
55
43
97
62
65
8
222
201
132
250
112
157
45
199
65
127
250
100
118
87
239
6
132
27
65
54
102
28
216
49
236
194
63
45
121
149
188
133
159
25
5
138
44
94
163
28
250
1
40
253
68
192
3
61
