204
132
232
184
117
104
197
52
82
249
197
6
186
173
123
184
144
19
177
173
103
89
62
229
150
97
239
55
20
230
23
114
202
242
101
219
196
24
15
227
244
4
54
66
168
158
224
242
42
219
108
111
163
95
170
198
33
79
85
119
205
78
6
51
57
143
151
148
204
190
4
134
208
252
52
21
139
17
48
168
2
192
91
191
175
131
16
20
167
231
52
75
68
1
27
53
162
78
123
65
173
84
157
136
90
249
206
89
200
132
30
180
89
117
186
31
151
241
81
222
73
182
74
95
134
252
198
252
246
8
166
44
239
140
140
150
217
120
97
210
69
68
90
184
36
28
40
171
62
145
61
53
206
193
128
241
173
252
121
