199
9
232
31
12
224
52
10
65
183
54
15
45
195
227
238
74
81
181
31
9
208
201
96
114
75
239
56
32
185
123
191
237
210
184
146
68
79
180
53
245
231
134
35
230
25
73
158
219
216
96
215
91
171
216
3
152
254
54
77
64
94
246
198
63
103
244
78
181
100
44
158
136
98
232
142
181
173
56
20
26
200
219
84
171
127
57
227
146
231
104
3
19
143
98
152
74
100
243
47
69
74
79
243
227
115
31
67
162
147
58
59
26
34
4
46
70
107
136
146
178
170
141
151
23
2
103
201
191
19
56
200
44
45
5
228
11
48
139
217
32
69
159
71
22
130
125
188
141
5
37
212
137
4
84
203
136
162
95
86
84
195
158
236
232
8
218
183
1
208
218
190
170
29
43
4
130
81
17
122
74
142
9
202
237
117
36
181
88
242
12
226
196
211
187
113
162
74
91
14
186
185
172
8
95
86
129
131
231
190
122
35
193
168
136
177
68
153
33
226
181
253
17
221
229
22
43
92
45
56
243
40
189
76
138
181
183
57
194
127
231
252
200
11
199
21
68
33
214
223
199
49
235
97
106
107
20
147
128
106
174
139
222
68
35
0
135
63
226
195
76
215
36
194
226
5
122
190
156
15
57
46
126
97
27
64
14
232
158
130
191
177
233
171
60
214
127
232
84
176
120
33
46
175
236
101
48
157
200
214
86
88
175
104
210
168
152
225
73
102
244
229
224
66
253
11
19
117
73
209
239
3
239
203
24
15
25
199
86
93
127
172
110
178
254
123
225
128
113
153
71
58
202
207
120
204
221
163
47
120
156
13
205
3
92
76
230
35
225
20
78
99
223
62
190
15
59
112
86
134
2
225
210
94
144
233
118
134
161
83
149
212
170
154
101
143
249
204
179
89
170
141
180
224
209
152
225
126
105
10
204
210
161
31
191
70
98
4
164
237
34
167
93
3
163
170
186
130
20
153
69
230
162
252
22
220
51
71
68
13
119
2
234
154
253
112
240
105
229
163
164
0
92
38
21
66
251
112
108
101
175
234
225
160
130
