0 76
0 196
0 213
0 84
1 206
1 11
1 7
1 242
1 88
2 158
2 6
2 78
2 99
2 168
2 196
2 56
2 200
2 160
3 226
3 202
3 64
3 227
3 117
3 191
4 59
4 113
4 111
4 202
4 126
4 63
5 167
5 32
5 225
5 100
5 215
6 131
6 57
6 243
6 129
6 106
6 48
7 67
7 15
7 43
7 75
7 87
7 18
8 195
8 148
8 222
8 218
9 153
9 238
9 193
9 216
9 220
10 150
10 180
10 211
10 111
10 103
10 232
10 142
10 157
10 253
11 108
11 198
11 227
11 76
11 13
11 124
11 107
12 241
12 55
12 43
12 60
12 59
12 173
12 14
13 81
13 16
13 45
13 196
13 103
13 94
14 165
14 153
14 171
14 208
14 164
14 136
14 222
14 168
15 71
15 184
15 155
15 44
15 41
15 162
15 245
16 141
16 160
16 127
16 57
17 129
17 96
17 193
17 19
17 109
17 220
17 108
17 65
17 158
17 217
18 196
18 234
18 106
18 131
18 54
18 123
19 44
19 141
19 66
19 168
19 162
20 196
20 98
20 184
20 102
20 166
20 109
20 139
20 194
21 174
21 51
21 38
21 92
21 210
21 142
22 209
22 99
22 65
22 187
22 67
22 193
22 203
22 96
22 250
22 64
22 157
22 226
22 179
23 239
23 104
23 154
23 245
23 155
23 92
23 88
23 223
23 231
24 191
24 136
25 84
25 115
25 112
25 253
25 188
25 72
25 107
25 99
25 199
26 125
26 128
26 203
26 141
26 93
26 33
26 217
26 253
26 30
27 167
27 179
27 123
27 153
28 47
28 166
28 129
28 97
28 67
28 204
28 131
28 228
28 222
28 136
29 251
29 65
29 61
29 254
29 101
30 41
30 157
30 100
30 165
30 242
30 31
30 253
30 187
31 110
31 125
31 172
31 59
31 241
32 160
32 163
32 223
32 228
32 117
32 46
32 115
32 47
32 78
33 65
33 68
33 157
33 91
33 49
33 47
33 50
33 229
34 91
34 96
34 67
34 140
34 129
34 177
34 187
34 120
35 246
35 212
35 193
35 102
35 94
36 140
36 241
36 115
36 49
36 194
36 111
37 174
37 48
37 40
37 92
37 153
38 202
38 223
38 51
38 235
38 98
38 249
38 144
38 135
38 43
38 177
38 106
38 129
38 245
39 161
39 147
39 250
39 105
39 242
39 217
40 97
40 178
40 56
40 85
40 117
40 68
40 155
41 129
41 66
41 163
41 190
41 87
41 186
41 75
41 199
41 127
42 127
42 152
42 176
42 143
42 76
42 162
42 172
43 103
43 98
43 224
43 230
43 96
43 151
43 130
44 135
44 55
44 56
44 132
44 216
44 171
44 58
44 158
45 126
45 101
45 163
45 241
45 192
45 92
45 70
45 96
45 231
45 116
46 59
46 208
46 93
46 52
46 146
46 206
46 98
46 255
46 214
47 50
47 250
47 57
47 168
47 116
47 118
47 169
47 130
47 63
47 237
48 66
48 155
48 124
48 106
48 185
48 188
49 235
49 117
49 96
49 105
49 152
49 194
50 201
50 165
50 173
50 221
50 55
50 148
50 104
50 241
51 216
51 168
51 57
51 222
51 163
51 184
51 198
52 190
52 199
52 229
52 114
52 101
53 233
53 104
53 162
53 73
53 237
53 136
53 110
53 194
53 238
53 134
54 92
54 192
54 212
54 208
54 216
54 156
54 155
54 152
54 171
55 184
55 155
55 197
55 221
56 214
56 244
56 141
56 216
56 106
56 167
56 177
57 61
57 125
57 234
57 181
57 157
57 238
57 87
57 103
58 128
58 117
58 197
58 178
58 155
58 116
59 133
59 103
59 175
59 246
59 129
59 210
59 108
59 216
60 216
60 111
60 231
60 126
60 154
60 179
60 254
60 199
60 222
61 141
61 248
61 221
61 215
61 87
61 253
62 216
62 232
62 90
62 70
63 250
63 207
63 190
63 172
63 164
64 138
64 185
64 116
64 202
64 230
64 215
65 165
65 110
65 236
65 189
65 211
65 112
65 105
65 243
65 206
65 202
66 218
66 193
66 83
66 163
66 78
66 236
67 180
67 72
67 235
68 200
68 112
68 198
68 230
68 159
68 174
68 73
68 99
68 86
69 253
69 148
69 118
69 236
69 99
69 232
69 127
69 229
69 150
69 190
70 200
70 100
70 84
70 163
70 232
70 176
70 138
70 208
71 119
71 148
71 124
71 172
71 162
71 229
71 163
71 132
71 77
71 78
72 166
72 252
72 253
72 115
72 78
72 204
72 179
72 212
73 87
73 191
73 113
73 160
74 137
74 180
74 116
74 234
74 107
74 141
74 165
75 149
75 237
75 116
75 252
76 115
76 254
76 99
76 214
76 111
76 194
76 124
76 127
76 165
76 129
77 201
77 171
77 193
77 78
77 234
78 107
78 255
79 119
79 158
79 144
79 139
79 148
79 243
79 194
80 127
80 174
80 85
80 180
80 112
81 145
81 144
81 214
82 192
82 142
82 193
82 136
82 180
82 123
82 231
83 218
83 146
83 100
83 181
83 235
83 173
83 136
84 187
84 152
84 252
85 167
85 201
85 219
85 253
85 132
85 180
85 138
86 199
86 131
86 176
87 233
87 91
87 253
87 254
88 179
88 195
88 194
88 139
88 106
88 191
88 181
88 243
88 148
89 177
89 93
89 236
89 204
89 153
90 251
90 196
90 239
91 169
91 113
91 202
92 188
92 210
92 167
92 221
92 193
92 208
92 247
92 151
92 186
93 179
93 241
93 97
93 167
93 182
93 184
93 193
94 238
94 180
94 187
94 98
94 248
95 172
95 247
95 167
95 211
95 137
96 161
96 141
96 133
96 140
96 126
97 233
97 192
97 129
97 225
97 109
98 119
98 186
98 151
99 174
99 139
99 216
99 137
99 220
99 154
99 226
100 245
100 198
100 229
100 211
100 201
100 175
100 132
101 231
101 236
101 204
102 202
102 216
102 243
102 246
102 141
102 213
102 167
102 109
102 112
102 160
102 238
103 142
103 218
103 176
103 106
103 213
104 238
104 125
104 179
104 148
104 135
104 117
104 141
104 225
105 150
105 192
105 241
105 174
105 136
105 147
105 146
106 170
106 228
106 229
107 174
107 140
107 156
107 223
107 185
108 188
108 207
109 189
109 169
109 240
110 134
110 127
111 239
111 222
111 162
111 243
111 120
112 252
112 138
112 210
112 206
112 242
113 126
113 241
113 121
113 222
114 133
114 117
114 230
114 215
115 156
116 165
116 234
116 246
117 144
117 130
117 139
117 219
117 247
118 127
118 181
118 237
118 170
119 135
119 141
119 179
119 138
119 145
119 124
119 188
119 213
119 134
120 220
120 249
120 222
121 231
121 225
121 237
121 202
121 153
121 253
121 191
123 255
124 206
124 134
124 128
125 211
126 214
126 193
127 168
127 181
127 167
128 163
128 192
128 153
128 178
128 212
128 238
129 142
130 210
130 168
131 240
131 243
131 164
131 156
132 161
132 140
132 154
132 155
132 208
133 134
133 182
133 220
134 141
134 254
134 183
135 224
135 235
136 239
137 179
137 182
137 201
137 149
138 189
138 242
139 177
139 164
139 163
140 161
140 175
140 222
140 191
140 228
140 204
141 189
141 188
141 164
141 240
142 214
142 146
142 209
142 206
142 169
142 205
143 214
143 171
143 238
144 167
145 215
145 148
145 196
145 178
146 208
146 166
146 219
146 161
146 207
147 200
147 218
147 162
148 217
148 163
149 215
149 192
149 222
150 165
150 186
150 226
150 235
151 228
151 184
151 221
151 169
152 255
152 215
152 203
153 247
153 164
154 166
154 224
154 192
155 191
155 249
155 210
155 219
156 203
156 225
156 193
157 245
157 231
157 198
158 172
158 243
158 229
159 183
159 226
159 185
160 174
160 212
160 191
160 180
161 162
161 197
161 174
161 253
162 222
162 205
163 202
163 236
164 248
164 228
164 232
164 229
164 244
165 189
165 244
166 207
167 245
167 170
167 226
167 221
168 254
168 189
169 179
170 246
170 247
171 174
171 176
171 237
171 175
172 219
172 205
172 186
173 216
173 227
173 250
175 184
175 204
175 249
176 223
176 184
177 200
177 185
177 232
177 252
177 196
177 239
177 182
178 224
178 207
178 183
179 186
179 197
179 207
179 192
180 215
180 218
180 233
181 205
181 207
182 206
183 245
185 249
185 208
185 246
185 218
185 232
186 197
186 227
186 224
186 206
187 189
187 244
187 216
187 209
190 245
190 207
190 191
190 232
191 255
191 225
192 212
192 238
192 197
192 245
194 225
196 223
196 249
196 243
196 226
196 230
197 218
197 220
198 203
198 228
198 249
200 229
200 239
200 205
200 219
200 203
201 230
201 220
204 254
205 220
206 252
208 233
209 211
210 226
210 241
211 249
212 238
213 238
213 252
214 251
214 255
215 244
215 234
216 250
218 232
219 245
220 225
222 232
224 239
224 230
226 237
227 245
227 241
228 254
231 243
235 253
235 241
237 239
239 249
239 253
241 255
248 251
253 255
