0 140
0 113
0 215
0 177
0 22
0 62
0 248
0 3
0 243
0 102
0 84
0 186
0 122
1 184
1 6
1 247
1 178
1 75
1 223
1 244
1 69
2 130
2 133
2 72
2 97
2 112
2 208
2 193
2 26
2 176
2 235
2 42
2 96
3 190
3 34
3 124
3 215
3 114
3 67
4 26
4 136
4 83
4 85
4 68
4 218
4 81
4 61
4 77
4 108
4 180
4 255
4 229
4 147
4 224
5 49
5 151
5 8
5 31
5 24
5 18
5 139
5 106
6 89
6 192
6 88
6 195
7 225
7 62
7 237
7 165
7 164
7 12
7 134
7 193
7 110
7 188
7 38
7 155
8 202
8 47
8 233
8 70
8 85
8 94
8 147
8 225
8 19
8 9
9 245
9 75
9 62
9 85
9 88
9 152
9 238
9 52
10 118
10 42
10 153
10 102
10 209
11 132
11 78
11 130
11 243
11 227
11 63
11 188
11 162
12 101
12 220
12 32
12 137
12 139
12 219
12 232
12 105
12 52
12 13
13 229
13 175
13 52
13 81
13 152
13 212
13 195
13 141
14 220
14 200
14 52
14 234
14 231
14 53
15 115
15 220
15 168
15 60
15 153
15 171
15 16
15 177
15 244
16 239
16 23
16 177
16 252
16 128
16 142
16 50
16 169
17 109
17 156
17 128
17 30
17 237
17 149
17 92
17 219
17 196
18 47
18 76
18 208
18 239
18 21
18 120
18 236
18 24
19 40
19 220
19 118
19 216
19 116
19 46
19 34
19 150
20 218
20 230
20 236
20 92
20 111
20 120
20 61
20 64
21 98
21 83
21 114
21 40
21 221
21 123
21 125
21 223
22 248
22 246
22 118
22 80
22 156
22 138
22 30
22 81
23 234
23 162
23 38
23 252
24 42
24 108
24 168
24 231
24 46
24 172
24 51
25 148
25 218
25 137
25 72
25 211
25 195
25 84
25 151
26 220
26 209
26 66
26 33
27 84
27 107
27 129
27 37
27 153
27 90
27 57
27 242
28 133
28 57
28 153
28 154
28 147
28 159
29 249
29 46
29 37
29 228
29 81
29 197
29 221
29 140
30 175
30 147
30 40
30 75
31 192
31 64
31 218
31 166
31 80
31 103
31 189
32 107
32 251
32 111
32 98
32 236
32 182
32 206
32 242
32 121
32 214
32 71
32 69
33 131
33 231
33 172
33 147
33 171
33 48
34 224
34 158
34 54
34 82
35 186
35 37
35 210
35 175
35 172
35 141
35 41
36 172
36 64
36 255
37 219
37 101
37 172
37 70
37 65
37 228
37 213
38 70
38 124
38 181
38 176
38 65
38 147
38 201
39 72
39 223
39 170
39 179
39 204
39 150
39 93
39 133
39 172
39 112
40 75
40 93
40 45
40 58
40 185
40 120
40 224
40 182
41 105
41 85
41 222
41 90
41 62
41 109
41 78
42 208
42 108
42 205
42 177
43 82
43 186
43 175
43 252
43 98
44 93
44 238
44 81
44 63
44 225
45 176
45 190
45 246
45 137
45 85
46 173
46 48
46 68
46 205
46 72
46 129
47 98
47 154
47 244
47 152
47 161
48 202
48 178
48 192
49 229
49 100
49 92
49 83
49 143
49 245
49 225
49 57
49 50
50 134
50 142
50 180
50 216
50 190
51 68
51 157
51 173
51 159
51 166
51 160
51 128
51 227
52 135
52 126
52 240
52 114
52 55
52 94
53 105
53 248
53 241
53 115
53 246
53 73
54 239
54 129
54 91
54 215
54 208
54 223
54 67
54 119
55 141
55 114
55 164
55 183
55 190
55 124
55 177
55 191
55 102
56 163
56 79
56 172
56 191
56 180
56 139
56 107
56 74
56 118
56 72
57 182
57 252
57 65
57 205
57 117
57 188
57 64
57 112
57 131
58 127
58 167
58 207
59 148
59 140
59 109
59 111
59 91
59 94
60 79
60 158
60 96
60 228
60 82
60 204
60 97
61 64
61 189
61 217
61 145
61 116
61 168
62 160
62 92
62 205
62 202
62 213
63 150
63 100
63 183
63 248
63 128
63 126
63 77
64 104
64 250
64 244
65 173
65 107
65 122
65 234
65 117
65 155
65 130
66 168
66 99
66 133
66 80
66 237
66 146
66 214
67 217
67 76
67 249
67 194
68 107
68 106
68 182
69 223
69 109
69 114
69 242
69 90
69 79
69 217
69 146
70 173
70 168
70 112
70 105
70 171
71 95
71 186
71 170
71 178
71 172
71 199
72 144
72 126
72 146
72 202
72 253
72 179
72 84
72 164
72 217
72 231
72 232
73 180
73 177
73 187
73 207
73 188
73 167
73 127
73 179
74 155
74 82
74 225
74 227
74 141
74 214
74 91
74 219
75 119
75 84
76 237
76 110
76 87
76 238
76 224
77 182
77 236
77 135
77 201
77 129
77 215
77 79
78 136
78 215
78 97
78 85
78 156
78 84
78 173
79 173
79 202
79 210
79 91
79 148
79 124
79 220
80 140
80 111
80 198
80 157
80 238
80 92
80 134
80 146
81 168
81 198
81 190
81 242
81 231
81 177
81 250
82 154
82 240
82 165
82 178
82 233
83 198
83 119
84 245
84 237
84 96
85 218
85 246
85 220
86 195
86 234
86 122
86 219
87 97
87 110
87 145
87 152
87 182
87 149
87 249
87 159
87 161
87 136
88 216
88 130
88 254
89 180
89 111
89 122
89 230
90 147
90 218
90 225
90 190
90 206
90 164
90 121
91 159
91 229
91 129
91 102
92 160
92 95
92 106
92 147
92 158
93 127
93 246
93 152
93 144
93 160
93 104
93 149
94 145
95 210
95 188
95 200
95 219
95 171
95 209
95 184
96 156
96 126
96 105
96 141
96 242
97 108
97 105
97 145
97 177
97 158
97 111
98 158
98 205
98 117
98 253
98 167
99 197
99 124
99 217
99 243
99 120
99 186
99 180
99 149
99 148
99 167
99 204
100 237
100 218
100 171
100 235
101 194
101 237
102 170
102 122
102 206
102 121
102 153
102 227
102 158
102 159
102 185
103 182
103 108
103 110
103 175
104 222
104 178
104 200
105 188
105 178
105 212
105 207
106 109
106 155
106 190
106 255
107 166
107 180
107 243
107 158
108 228
108 242
108 156
109 185
109 124
109 207
109 113
109 184
109 147
109 126
109 182
110 224
110 160
110 248
110 168
111 244
111 115
111 160
111 143
111 172
111 187
111 241
111 162
111 222
112 174
112 214
112 194
112 187
112 197
113 224
113 120
113 255
113 147
113 175
113 142
114 254
114 141
114 179
114 130
114 226
114 219
115 205
115 198
115 189
115 255
116 216
116 205
117 238
117 157
117 152
118 174
118 157
118 184
118 242
118 165
119 200
119 204
120 171
120 147
120 235
120 127
121 234
121 147
121 254
122 175
122 222
122 161
123 236
123 241
124 195
124 220
124 136
124 206
124 130
124 177
125 239
125 229
126 233
127 154
127 170
127 192
128 135
128 220
129 191
129 234
129 203
129 147
129 251
129 193
129 172
130 221
130 185
130 217
130 213
130 203
131 235
131 254
131 153
131 232
131 198
132 154
132 192
132 237
132 244
132 183
132 161
132 171
132 249
133 253
133 141
133 195
133 245
134 180
134 239
135 235
135 214
135 137
135 155
135 161
135 188
136 182
136 244
136 234
137 152
137 192
138 228
138 221
138 182
139 172
139 170
139 248
139 242
139 218
139 196
140 187
140 163
141 188
141 152
141 148
141 191
141 172
142 212
142 209
142 194
143 177
143 241
144 185
144 155
144 161
144 174
145 176
145 219
145 177
145 149
145 224
145 203
146 172
146 220
147 223
147 238
147 179
147 232
148 168
148 165
148 164
148 160
148 192
149 191
149 249
149 160
150 251
151 167
151 241
152 180
152 216
153 254
153 154
153 171
153 236
154 191
154 163
154 225
154 192
155 241
155 225
155 245
155 178
156 179
156 184
156 201
158 174
158 250
158 221
158 237
158 160
159 237
159 189
159 182
160 181
160 204
160 170
160 231
160 166
160 162
161 247
161 241
161 255
161 197
161 171
162 231
163 176
163 247
163 250
164 222
164 181
165 238
166 218
166 193
166 178
166 244
168 184
168 250
168 172
168 252
169 182
169 254
169 203
170 243
171 213
171 243
171 184
172 238
172 252
172 173
174 213
174 186
175 178
175 233
175 200
175 239
176 246
176 253
177 251
177 195
177 206
178 189
179 189
180 212
180 182
181 219
182 230
182 206
182 223
182 224
183 196
183 245
183 191
184 193
184 188
184 241
184 194
184 209
185 236
187 206
188 253
188 249
189 236
190 248
190 242
191 236
191 216
192 205
192 197
193 238
193 206
193 224
194 230
195 247
195 235
196 240
197 253
197 213
198 227
199 207
200 205
201 221
202 223
203 249
204 223
206 212
207 220
208 217
208 212
209 217
209 254
209 229
211 216
213 250
213 226
214 255
215 241
215 234
216 232
217 235
217 229
218 235
219 241
219 255
220 231
221 233
222 249
222 239
223 231
225 249
225 241
226 231
226 252
228 242
229 246
235 243
236 238
240 242
