0 135
0 240
0 155
0 34
0 150
0 96
0 164
0 8
0 47
1 33
1 30
1 215
1 251
1 28
1 81
1 175
1 227
2 146
2 147
2 224
2 55
2 120
2 237
2 124
2 121
2 58
2 102
3 208
3 70
3 17
3 57
3 199
3 238
3 26
3 34
4 181
4 87
4 86
4 60
4 170
4 232
4 157
4 85
5 30
5 130
5 55
5 216
5 174
5 171
5 66
5 33
5 208
6 36
6 250
6 141
6 163
6 195
7 195
7 235
7 252
7 238
7 98
7 41
7 17
7 40
8 91
8 67
8 23
8 217
8 123
8 185
8 28
8 246
8 21
8 63
8 57
9 80
9 194
9 116
9 131
9 32
9 97
9 204
9 83
9 44
9 227
10 123
10 11
10 140
10 139
10 205
10 108
10 172
10 203
10 110
11 182
11 107
11 207
11 19
11 90
11 75
11 38
11 172
11 30
11 215
12 199
12 163
12 25
12 82
12 209
12 91
12 53
12 99
12 233
12 204
13 26
13 122
13 187
13 128
14 51
14 148
14 85
14 198
14 210
14 248
15 60
15 50
15 128
15 187
15 16
16 231
16 30
16 69
16 46
16 59
16 124
17 254
17 97
17 197
18 30
18 184
18 47
18 93
18 102
18 189
18 187
18 39
19 153
19 54
19 148
19 89
19 223
19 141
19 152
19 20
19 80
19 23
20 146
20 73
20 59
20 219
20 66
20 112
21 34
21 181
21 245
21 36
21 159
21 23
21 118
22 151
22 245
22 238
22 145
22 60
22 208
22 181
22 231
22 135
22 247
22 192
22 62
22 79
22 38
22 164
22 68
22 239
22 148
22 201
23 51
23 252
23 216
23 191
23 147
23 102
23 159
23 246
23 31
24 232
24 60
24 209
24 118
24 77
24 192
24 133
24 153
25 35
25 247
25 127
25 91
25 174
25 101
25 156
25 251
25 159
26 179
26 154
26 245
26 96
26 99
26 58
27 115
27 181
27 155
27 252
27 174
28 172
28 78
28 161
28 165
28 174
28 195
28 81
28 126
28 239
28 156
28 215
29 190
29 96
29 167
29 114
29 69
29 120
30 162
30 118
30 231
30 88
30 52
30 54
31 107
31 170
31 88
31 217
32 62
32 80
32 210
32 118
32 143
33 212
33 69
33 165
33 75
33 113
33 85
34 37
34 243
34 123
34 181
34 130
34 167
35 54
35 115
35 177
35 220
35 225
35 103
36 50
36 37
36 51
36 117
36 49
36 159
36 206
36 86
37 227
37 127
37 86
37 88
38 114
38 142
38 95
38 53
38 176
38 189
38 158
38 213
38 233
39 218
39 188
39 164
39 143
39 148
39 103
39 177
39 201
39 62
39 85
39 193
39 140
40 177
40 190
40 242
40 116
40 226
40 166
40 114
40 134
40 200
40 143
40 157
41 131
41 211
41 233
41 179
41 106
41 185
41 255
41 162
42 249
42 209
42 205
42 251
42 246
42 233
43 63
43 195
43 143
43 104
43 126
43 102
43 80
43 144
43 105
43 51
43 77
43 118
44 131
44 80
44 165
44 116
44 101
44 99
44 113
44 251
44 136
45 178
45 107
45 49
45 237
45 205
45 84
46 189
46 132
46 56
46 237
47 239
47 244
47 247
47 99
47 194
47 229
48 184
48 153
48 74
48 216
48 254
48 179
48 61
49 130
49 214
49 153
50 233
50 231
50 166
50 181
50 217
51 215
51 93
51 211
51 88
51 110
51 149
51 250
51 119
52 228
52 78
52 120
52 206
52 215
52 157
53 113
53 133
53 126
53 191
53 251
53 218
53 235
53 62
54 120
54 113
54 124
54 58
54 87
54 141
55 227
55 117
55 96
55 160
55 138
55 92
55 192
55 225
56 180
56 210
56 172
56 165
56 200
57 121
57 154
57 224
57 212
57 210
57 138
57 193
58 252
58 113
58 106
58 208
58 231
59 239
59 182
59 138
59 203
59 69
59 207
60 152
60 146
60 219
60 76
60 111
60 75
60 135
60 202
61 234
61 127
61 219
61 179
61 146
61 184
61 182
62 228
62 98
62 100
62 219
62 154
62 168
62 112
63 216
63 210
63 192
63 70
63 197
63 123
63 189
64 200
64 216
64 169
64 130
64 87
65 213
65 198
65 216
65 202
65 88
65 118
65 90
65 155
65 172
66 211
66 236
66 187
66 133
66 222
66 159
67 231
67 244
68 254
68 146
68 195
68 196
68 229
68 215
68 203
68 91
68 160
68 186
69 194
69 143
69 186
69 205
69 142
69 162
69 225
69 166
69 113
70 223
70 206
70 215
70 213
70 142
71 246
71 116
71 221
72 166
72 143
72 78
72 82
72 219
72 182
72 155
72 254
73 156
73 173
73 240
73 196
74 215
74 138
74 176
74 186
74 183
75 165
75 108
75 154
75 176
75 81
75 130
75 128
75 198
76 128
76 83
76 160
76 248
76 158
77 209
77 147
77 145
78 87
78 172
78 93
79 192
79 150
79 220
79 120
79 119
80 108
80 155
80 114
80 208
80 166
80 121
80 230
81 136
81 163
81 93
81 248
81 226
81 127
81 125
81 84
81 252
82 250
82 174
82 187
82 162
83 96
83 127
83 97
83 245
83 125
83 190
84 189
84 116
84 172
84 229
85 142
85 109
86 186
86 127
86 148
86 155
86 202
86 104
87 195
87 213
87 241
87 91
88 215
88 208
88 139
88 125
88 173
88 159
88 251
89 242
89 185
89 105
89 148
90 95
90 205
90 184
90 183
90 178
90 148
91 189
92 118
92 244
92 179
92 149
93 238
93 103
93 249
94 123
94 199
94 142
94 128
94 213
94 186
94 105
94 113
95 239
95 249
95 210
95 253
95 202
96 182
96 138
96 226
96 184
96 222
96 121
97 159
97 242
97 198
97 103
97 191
98 216
98 161
98 151
98 107
99 175
99 114
99 234
99 221
99 172
100 201
100 183
100 132
100 170
100 215
100 164
102 236
102 239
102 146
102 210
102 204
102 225
102 163
102 137
103 209
103 135
104 112
104 233
104 128
105 147
105 201
105 153
105 215
105 211
105 122
105 252
106 215
106 179
106 138
106 250
106 150
107 151
107 213
107 187
107 115
107 128
107 193
107 123
108 192
108 247
109 131
109 212
109 113
109 121
109 145
110 253
110 154
111 196
112 120
112 125
112 247
112 174
112 201
113 179
113 201
113 125
113 193
114 179
114 170
114 178
114 203
114 177
115 229
115 197
115 208
115 250
116 250
116 178
116 248
117 130
118 170
118 137
118 244
118 153
119 175
119 143
119 221
119 172
120 139
120 195
120 160
120 149
121 242
122 200
122 201
122 137
122 242
122 215
122 148
122 164
123 164
124 243
124 249
124 219
124 187
124 253
124 128
124 250
124 193
125 246
125 127
125 184
125 131
126 168
126 156
126 169
126 226
126 158
127 184
127 180
127 247
127 166
127 252
127 236
127 161
127 234
128 163
128 168
128 183
128 153
128 136
128 223
129 252
129 248
129 176
129 254
130 196
130 236
130 138
130 184
130 248
130 220
131 168
131 141
132 162
132 249
132 183
132 155
133 230
133 240
133 161
133 214
133 247
134 176
134 248
135 203
135 183
135 169
135 176
136 170
136 226
136 255
136 201
136 208
136 223
137 220
137 200
137 140
138 200
138 168
138 237
138 215
138 203
138 157
139 204
139 141
139 196
139 171
139 201
139 147
139 173
140 155
140 167
140 190
141 142
141 170
141 196
141 192
141 190
142 164
142 228
142 236
143 169
144 147
144 186
144 149
144 184
145 169
145 170
146 153
146 239
146 147
147 200
147 216
147 191
148 252
148 161
148 241
148 191
149 164
149 187
149 252
149 204
150 227
150 218
150 153
150 164
151 174
151 192
151 172
152 251
152 195
152 165
152 215
152 159
152 226
153 165
155 199
156 202
156 213
156 236
157 232
157 235
158 180
159 190
159 180
159 165
159 182
159 191
159 162
160 210
160 231
160 185
160 182
160 196
160 203
161 179
162 231
162 167
162 228
163 179
164 224
164 228
165 188
165 236
165 186
165 200
166 243
167 171
167 169
168 227
168 233
168 245
169 171
169 174
169 235
170 232
170 192
170 215
170 234
171 176
172 188
173 192
173 254
173 213
174 251
174 185
174 200
174 194
175 239
175 247
175 200
177 216
177 205
178 192
178 223
178 231
178 202
178 244
178 221
181 222
181 198
182 192
182 186
182 197
184 224
184 255
184 196
185 230
185 246
186 245
186 203
187 221
187 220
187 248
188 231
188 230
189 234
189 252
189 242
190 203
191 210
191 217
192 209
192 227
192 238
194 224
194 213
195 227
195 215
196 209
197 224
198 224
198 250
198 245
199 206
199 244
199 205
200 233
201 203
201 210
207 232
208 249
209 214
209 222
209 229
209 230
209 254
210 212
210 241
212 238
213 226
214 222
214 219
215 248
216 253
216 223
217 243
218 246
220 238
221 237
223 229
224 244
224 227
225 241
225 255
229 233
229 252
230 243
231 244
232 242
233 242
233 245
234 242
234 255
235 239
238 246
241 246
242 246
244 248
