0 87
0 33
0 188
1 206
1 232
1 219
1 198
1 126
1 224
2 124
2 218
2 174
2 35
2 244
2 38
2 119
2 63
2 117
3 208
3 158
3 171
3 198
3 52
3 109
4 157
4 152
4 178
5 114
5 235
5 103
5 189
5 129
5 46
5 29
6 61
6 198
6 126
6 161
6 213
6 75
6 137
6 47
6 235
6 239
6 141
6 55
6 180
6 242
7 84
7 22
7 66
7 187
7 148
7 112
7 218
7 234
8 250
8 96
8 64
8 240
8 15
9 123
9 237
9 16
9 25
9 95
9 178
9 166
9 117
9 216
9 190
9 195
10 86
10 164
10 199
10 222
10 204
10 21
10 145
10 99
10 11
10 200
10 39
11 230
11 119
11 246
11 204
11 141
11 73
12 124
12 227
12 70
12 35
12 115
12 119
13 43
13 134
13 120
13 244
13 221
13 194
13 104
13 189
13 55
13 142
13 184
13 159
14 242
14 212
14 157
14 191
14 167
14 98
14 203
14 54
14 76
14 115
14 173
15 202
15 53
15 93
15 136
15 191
15 134
15 41
15 144
15 37
15 213
16 34
16 42
16 197
16 181
16 52
16 103
16 60
16 45
17 46
17 231
17 32
17 224
17 84
18 216
18 33
18 195
18 201
18 244
19 77
19 115
19 66
19 159
19 254
19 223
19 253
20 122
20 30
20 164
20 152
20 104
20 147
21 26
21 58
21 70
21 30
21 63
21 204
22 213
22 78
22 246
22 70
22 121
22 34
23 73
23 199
23 247
23 169
23 53
23 123
24 148
24 38
24 250
24 105
24 82
24 203
24 68
24 54
24 141
25 186
25 91
25 162
25 63
25 177
25 187
25 219
25 149
25 255
26 134
26 122
26 166
26 56
27 29
27 233
27 158
27 175
27 95
27 252
27 123
27 224
28 104
28 236
28 193
28 194
28 54
28 130
28 30
28 216
28 183
29 149
29 169
29 139
29 228
30 195
30 105
31 237
31 88
31 84
31 130
31 59
31 165
31 206
32 140
32 218
32 109
32 177
32 117
32 235
32 239
32 79
33 195
33 61
33 92
33 214
33 122
33 38
33 167
33 211
33 39
34 88
34 160
34 115
34 117
34 81
35 243
35 172
35 182
35 254
35 221
36 142
36 233
36 181
36 110
36 179
36 156
36 228
36 157
36 116
37 170
37 78
37 229
37 149
37 181
37 232
37 117
37 62
38 77
38 75
38 196
38 213
38 58
38 164
38 214
38 146
38 65
38 222
38 225
38 235
39 135
39 225
39 199
39 151
40 127
40 70
40 64
40 198
40 67
40 110
40 156
41 216
41 241
41 92
41 123
41 206
42 169
42 118
42 62
42 235
42 237
42 78
43 231
43 192
43 217
43 232
43 94
43 225
44 97
44 161
44 63
44 52
44 98
44 83
44 67
45 105
45 146
45 115
45 226
46 103
46 156
46 136
46 234
46 253
46 68
46 118
46 207
46 243
47 197
47 228
47 68
47 234
47 128
47 247
47 199
47 238
47 211
47 143
47 147
48 215
48 155
48 60
48 246
48 211
49 79
49 219
49 242
49 196
49 177
49 101
49 139
50 215
50 92
50 135
50 241
50 232
50 220
51 85
51 53
51 250
51 59
52 66
52 91
52 219
52 232
52 65
52 82
52 93
52 201
53 194
53 149
54 152
54 212
54 77
54 62
54 229
54 162
54 158
55 231
55 62
55 206
55 237
55 127
55 179
55 99
55 185
56 131
56 94
56 248
56 108
56 163
56 123
57 93
57 239
57 80
57 174
58 159
58 88
58 223
58 189
58 172
58 163
58 90
59 135
59 107
59 146
59 186
59 118
59 77
60 97
60 236
60 227
60 99
60 213
60 228
60 223
61 193
61 171
61 238
61 192
61 228
61 68
61 126
62 73
62 177
62 195
62 211
62 252
62 86
62 193
62 190
63 167
63 155
63 116
63 144
64 180
64 165
64 83
64 107
64 217
65 149
65 188
65 107
65 199
66 143
66 136
66 198
66 149
66 105
66 127
66 248
66 187
66 94
66 128
66 140
67 76
67 119
67 241
67 85
67 190
68 123
68 139
68 168
68 208
68 100
68 252
69 135
69 249
69 144
69 226
69 234
69 162
69 78
69 85
70 169
70 177
70 80
70 214
70 193
70 159
70 99
70 184
71 181
71 188
71 193
71 218
72 222
72 251
72 242
72 108
72 176
72 125
73 174
73 85
73 249
73 84
73 191
73 170
73 200
74 171
74 77
74 177
74 195
74 165
74 161
74 99
74 76
75 215
75 144
75 76
75 82
75 167
76 155
76 165
76 90
76 129
77 232
77 204
77 238
77 198
78 96
78 192
78 165
78 185
78 173
78 246
78 245
78 233
79 155
79 132
79 105
79 126
79 162
80 156
80 240
80 195
80 192
80 251
81 190
81 132
82 94
82 120
82 119
82 166
82 147
82 92
83 108
83 118
83 218
83 248
83 117
83 235
83 210
83 255
83 222
84 227
84 220
84 207
84 150
85 139
85 136
85 216
85 181
85 153
85 168
85 197
86 232
86 194
86 142
86 130
86 213
86 251
87 241
87 188
87 228
87 212
87 208
87 149
88 185
88 116
88 181
88 155
88 174
88 120
88 99
88 240
88 143
88 235
89 209
89 221
89 108
89 104
90 255
90 178
90 217
90 237
90 194
91 198
91 146
91 127
91 129
91 253
91 171
91 254
92 131
92 128
92 226
92 120
93 227
93 102
93 208
93 156
93 226
93 105
93 190
93 240
94 183
94 224
94 249
94 139
94 231
95 139
95 118
95 246
95 163
95 219
95 216
96 248
96 167
96 212
98 205
98 245
98 171
98 201
98 215
98 147
98 226
98 239
99 127
99 218
99 102
99 229
99 240
100 223
100 214
100 169
100 194
100 191
101 186
101 240
101 121
101 222
101 102
102 244
102 182
102 243
102 207
102 193
102 135
102 162
102 122
102 185
102 164
102 205
102 240
103 110
103 245
103 246
104 151
104 173
104 112
104 120
104 176
104 251
105 144
105 142
105 125
105 138
105 246
106 180
106 206
106 200
106 164
107 226
107 254
107 201
107 108
107 212
108 251
108 247
108 204
109 182
109 183
109 123
109 246
110 240
110 186
110 203
110 152
110 163
111 206
111 241
111 125
111 226
111 208
112 178
112 169
112 231
112 211
112 187
113 200
113 154
113 116
113 134
113 138
113 213
113 136
114 162
114 132
114 158
114 147
115 144
115 166
115 138
116 174
116 151
116 196
116 246
116 233
116 213
117 122
117 143
117 235
118 157
118 150
118 192
118 227
118 141
118 247
118 132
118 168
119 232
119 133
119 165
119 164
120 253
120 176
120 229
120 185
121 193
121 199
121 178
121 160
121 174
121 172
121 252
122 242
122 138
122 194
122 235
123 150
124 251
124 230
124 183
124 245
125 226
125 190
125 178
125 211
127 180
127 171
127 157
127 197
127 137
128 196
128 208
128 215
128 205
128 138
128 139
129 208
129 193
129 172
130 212
130 144
130 141
131 211
131 239
133 252
133 187
133 155
133 217
133 184
133 222
134 246
134 188
135 137
135 203
136 170
136 240
136 209
136 252
136 191
137 164
137 191
138 232
138 154
138 140
138 237
139 234
139 155
139 197
140 243
140 232
141 165
141 153
141 221
141 226
141 224
141 240
142 155
142 252
143 159
143 235
143 170
143 204
143 186
143 153
144 254
144 243
145 189
145 198
146 152
146 167
148 154
148 190
149 220
149 205
149 151
149 226
150 252
150 227
150 190
151 157
151 187
152 175
152 224
152 160
152 222
152 238
152 233
152 218
153 230
153 206
153 197
153 234
153 159
154 183
154 195
154 181
155 163
155 182
156 249
156 221
156 159
156 201
156 213
157 214
157 193
157 162
158 222
158 213
158 166
159 165
159 211
159 220
160 179
160 168
161 177
161 205
161 224
161 212
161 162
162 164
162 179
162 205
163 215
163 228
163 164
163 249
163 231
163 242
164 220
165 190
165 198
165 228
166 187
166 253
167 176
167 217
167 238
167 216
168 230
169 217
169 192
170 227
170 224
170 181
170 239
171 254
171 255
172 230
172 235
172 187
173 214
173 197
173 183
173 213
174 243
175 177
175 187
175 212
176 254
176 207
176 193
177 207
177 248
177 203
178 187
179 210
179 231
181 251
182 201
183 208
183 250
184 206
184 235
185 221
186 194
187 223
187 192
187 188
187 245
188 236
188 196
189 244
189 212
190 221
190 230
190 191
190 195
191 207
191 252
193 226
193 203
194 248
194 197
194 205
194 206
194 240
195 241
196 255
197 220
198 252
199 231
200 229
200 219
201 227
201 239
201 204
204 206
204 219
204 210
205 206
205 227
205 216
206 254
207 243
207 255
208 227
209 240
212 248
212 228
213 216
213 244
213 227
214 254
214 241
216 245
217 255
219 248
219 234
220 230
220 225
221 244
222 240
224 254
224 232
225 226
227 249
227 251
229 245
230 246
232 233
232 240
234 249
234 243
234 255
234 237
234 247
235 241
236 248
240 248
241 243
242 250
242 254
243 248
244 251
251 255
