32 23 8 
0 35 61 25 18 27 50 53 
0 35 61 17 42 57 62 37 3 20 25 18 27 50 53 
0 35 61 17 42 57 62 37 3 20 26 5 54 49 52 28 9 25 18 27 50 53 
0 35 61 17 42 2 52 28 9 25 18 27 50 53 
0 35 61 42 57 62 37 3 20 25 18 27 50 53 
0 35 61 42 57 62 37 3 20 26 5 54 49 52 28 9 25 18 27 50 53 
0 35 61 42 2 52 28 9 25 18 27 50 53 
0 35 37 3 20 42 2 52 28 9 25 18 27 50 53 
0 35 37 3 20 25 18 27 50 53 
0 35 37 3 20 26 5 54 49 52 28 9 25 18 27 50 53 
0 35 54 49 52 28 9 25 18 27 50 53 
2 52 28 9 25 35 61 17 42 
2 52 28 9 25 35 61 42 
2 52 28 9 25 35 37 3 20 42 
2 52 28 9 25 18 27 6 17 42 
2 52 28 9 25 18 27 50 
3 20 42 57 62 37 
3 20 25 35 61 17 42 57 62 37 
3 20 25 35 61 42 57 62 37 
3 20 25 35 37 
3 20 25 18 27 6 17 42 57 62 37 
3 20 26 5 54 49 52 28 9 25 35 61 17 42 57 62 37 
3 20 26 5 54 49 52 28 9 25 35 61 42 57 62 37 
3 20 26 5 54 49 52 28 9 25 35 37 
3 20 26 5 54 49 52 28 9 25 18 27 6 17 42 57 62 37 
3 20 26 37 
35 61 25 
35 61 25 18 27 6 17 42 57 62 37 
35 61 17 42 57 62 37 
35 61 42 57 62 37 
35 37 
35 54 49 52 28 9 25 
35 54 49 52 28 9 25 18 27 6 17 42 57 62 37 
48 9 25 
